5408.05136198046
5277.69679725411
5150.79039430118
5026.95650551940
4907.51251854375
4790.59442009403
4680.14515470122
4576.29861588814
4472.79846761290
4372.53296921725
4272.11463740279
4179.12138919285
4085.38177684538
3991.30651887682
3899.93283138750
3815.26060012808
3733.43645377166
3653.61140851103
3577.75252734665
3502.51020491499
3429.80700991539
3365.39194823348
3295.51663773054
3231.71692808725
3157.96309547474
3084.24172157149
3017.77848869703
2961.18539980988
2907.12168638803
2852.76832201752
2799.11862059715
2745.24531465717
2693.22604876161
2643.81339991174
2591.87508412637
2545.21710546365
2490.51204193655
2441.59308752975
2390.86892776523
2349.11119193561
2295.16152988508
2254.27247876334
2209.24302984455
2169.07038600867
2129.96395425254
2094.00455192401
2066.94364054802
2024.85510039277
1988.15023595019
1951.48767698072
1915.11372961249
1888.33353172229
1853.85253561406
1824.88718959686
1793.09998802324
1764.06854969901
1727.80799169571
1700.84615438600
1672.23753397822
1643.22565628267
1614.77287062086
1597.67296568337
1572.85588978313
1537.38661695274
1520.37068563337
1501.44091116638
1471.13384550594
1443.12592670933
1418.58033559913
1404.90068324105
1382.48995121931
1354.06930862455
1323.97299975806
1301.44966786805
1273.27358894599
1254.81128868140
1245.40911963307
1218.78448548572
1199.58868547219
1179.75068455727
1159.35975825071
1142.81271289103
1133.06786359683
1112.61135831599
1093.81575483651
1080.62221225972
1066.74441808267
1044.41886931977
1023.55730713203
1007.88162566059
1001.47088378320
980.044056352015
964.336002842667
954.125452026605
947.504262888299
934.549500667441
926.745010932392
917.390959653363
908.807306228242
896.206174005318
880.296592046115
872.973766670352
855.417134071802
843.825511932099
834.253751987152
819.948856514715
802.467727038953
798.875825828860
788.689771157894
779.027777704239
768.264633265419
758.084396382972
745.268732325177
734.810391830840
725.113337331583
714.285601734246
703.704329586210
694.326652152993
685.839780081165
676.921938974489
669.335523740513
660.564460190852
651.621472904963
644.957551761090
638.409167796267
628.883354235018
620.886276872211
613.581266112432
606.489485882673
598.108500941562
589.788233530367
577.248413121492
575.248860217233
567.979371647651
561.015344005373
554.757471374567
545.534338888887
538.960987786372
533.825339074175
523.884222254098
514.226642685103
509.008842338678
503.624143779778
494.417547955801
486.599241802979
485.065783380458
480.719131066999
475.614978022158
469.460180798841
463.613969526523