5443.6587378946415
5312.10932542959
5184.918841442081
5060.60466430364
4940.686019433505
4824.282504491823
4712.940148918078
4607.295396846706
4503.102721373955
4401.811603155603
4300.8967338093835
4206.648751137802
4113.227252927314
4019.8330676430132
3928.2498444396506
3844.104247313973
3762.605172883392
3682.055905331891
3606.939757642703
3531.103174879288
3454.3926703082698
3383.268153960077
3314.5274044031994
3245.7937869722864
3176.909947372441
3109.6455977287837
3044.035107646535
2979.973883501365
2921.7004226663175
2862.703642186238
2807.691637949128
2753.268140248241
2700.165791818738
2650.0305250631086
2599.434687516405
2551.947362202054
2499.2315692790335
2451.737600714085
2402.9706545453014
2361.0661155188145
2317.8024417083866
2274.2813351150876
2228.4468459003674
2188.6225835443965
2151.1996923081265
2115.27031269819
2079.4029159602837
2043.003827413438
2006.8638623824654
1972.0838764006146
1933.8931296683543
1898.217795970227
1866.6848581034187
1834.8847511059018
1800.5762434532783
1769.484122884266
1739.074772744736
1712.873603240284
1685.6733702694032
1654.695381747169
1623.8078156118895
1595.0424445334138
1570.3031339157658
1543.1386669902386
1515.6966571556086
1491.1568369050183
1465.2008042277837
1440.0496601209188
1416.9923953902273
1394.0240864336447
1373.1526317016323
1352.7258487280346
1329.4436298902992
1306.7222968045849
1285.7527319669996
1263.9825112433498
1245.5062823330513
1223.6604565523169
1201.6906021421428
1183.7025721917735
1164.1349365990209
1148.1262010673
1132.0007002667824
1115.5916874866487
1100.0219334533303
1083.4256291004392
1068.0857846473457
1051.0059098457689
1035.0134450400406
1019.392027174379
1006.1643680128656
989.9071980842933
976.1533104411271
961.8357942992369
949.9366153357156
937.1058040397985
924.0772325491258
911.2879614080549
901.390422894456
890.8588484364842
880.5351979693995
868.9531803333572
856.639574182905
844.3692338002517
833.8311449391487
822.1327399287885
809.5297753473752
802.0782553187013
790.8314396881115
781.0844691090333
770.3944399314516
762.4004442024531
752.9081009633778
743.6304563844809
734.4440998325942
724.1938654002056
714.5262259999561
705.6080659999959
695.6385877798816
685.9207869317007
677.6359340176979
668.0689842456616
659.6012309617827
651.8416334444074
643.2759090605842
635.4582103247889
627.8817778393118
619.9642903975677
612.8248673301688
604.1084432346449
595.7893704203346
586.658971704531
579.6837736894964
572.3274971456964
563.9431797701255
558.008158318791
551.0042247394749
543.9569158904793
538.3288034604718
530.8612749540962
524.1842303960298
518.5152847740736
512.9784994828494
506.5494675161511
500.5346888595717
494.7229918668285
489.2379902762713
483.7494251194857
478.54934287077515
473.7107480000016