0.293144
0.457815
0.562046
0.616184
0.630575
0.615565
0.581500
0.538725
0.497587
0.468424
0.459027
0.470988
0.504969
0.561636
0.641652
0.745626
0.861987
0.951680
0.972556
0.921789
0.856768
0.839978
0.933903
1.201029
1.702238
2.420919
3.230024
3.997082
4.657168
5.211720
5.664973
6.021161
6.284517
6.458579
6.533161
6.485507
6.294546
5.963326
5.510088
4.953311
4.311473
3.603051
2.851833
2.135871
1.564999
1.231747
1.115011
1.148801
1.267013
1.403547
1.492300
1.480693
1.395931
1.294379
1.221398
1.179922
1.162698
1.162473
1.171996
1.184013
1.191272
1.186522
1.162521
1.115362
1.048943
0.968282
0.878395
0.784300
0.691015
0.603555
0.526938
0.466123
0.423028
0.395076
0.379328
0.372845
0.372689
0.375920
0.379600
0.380791
0.376670
0.366866
0.353333
0.338116
0.323260
0.310811
0.302813
0.301312
0.308353
0.325647
0.351316
0.381306
0.411531
0.437905
0.456342
0.462757
0.453063
0.423174
0.372298
0.319900
0.293144
0.311754
0.365624
0.437194
0.508903
0.563189
0.582493
0.557511
0.509407
0.466340
0.448764
0.458362
0.494015
0.554600
0.639000
0.746042
0.863193
0.952285
0.972303
0.921084
0.855964
0.839313
0.933502
1.200902
1.702282
2.420994
3.230053
3.997059
4.657120
5.211670
5.664933
6.021139
6.284511
6.458583
6.533165
6.485508
6.294544
5.963323
5.510085
4.953309
4.311471
3.603051
2.851833
2.135871
1.564999
1.231747
1.115011
1.148801
1.267013
1.403547
1.492300
1.480693
1.395931
1.294379
1.221398
1.179922
1.162698
1.162473
1.171996
1.184013
1.191272
1.186522
1.162521
1.115362
1.048943
0.968282
0.878395
0.784300
0.691015
0.603555
0.526938
0.466123
0.423028
0.395076
0.379328
0.372845
0.372689
0.375920
0.379600
0.380791
0.376670
0.366866
0.353333
0.338116
0.323260
0.310811
0.302813
0.301312
0.308353
0.325647
0.351316
0.381306
0.411531
0.437905
0.456342
0.462757
0.453063
0.423174
0.372298
0.319900
0.293144
0.311754
0.365624
0.437194
0.508903
0.563189
0.582493
0.557511
0.509407
0.466340
0.448764
0.458362
0.494015
0.554600
0.639000
0.746042
0.863193
0.952285
0.972303
0.921084
0.855964
0.839313
0.933502
1.200902
1.702282
2.420994
3.230053
3.997059
4.657120
5.211670
5.664933
6.021139
6.284511
6.458583
6.533165
6.485508
6.294544
5.963323
5.510085
4.953308
4.311471
3.603051
2.851833
2.135871
1.564999
1.231746
1.115008
1.148795
1.267007
1.403542
1.492299
1.480699
1.395940
1.294379
1.221371
1.179854
1.162586
1.162323
1.171820
1.183833
1.191119
1.186434
1.162546
1.115545
1.049305
0.968816
0.879065
0.785042
0.691734
0.604131
0.527221
0.465936
0.422218
0.393587
0.377211
0.370257
0.369889
0.373276
0.377584
0.379978
0.377730
0.370320
0.359316
0.346371
0.333139
0.321271
0.312422
0.308243
0.310388
0.320276
0.336826
0.357437
0.379488
0.400358
0.417424
0.428065
0.429660
0.419587
0.395225
0.353951
0.293144
