269.9600529
269.7259259
269.4917989
269.257672
269.023545
268.789418
268.555291
268.321164
268.087037
267.8529101
267.6375776
267.5444099
267.4512422
267.3580745
267.2649068
267.1717391
267.0785714
266.9854037
266.892236
266.7990683
266.7059006
266.5865079
266.4277778
266.2690476
266.1103175
265.9515873
265.7928571
265.6261905
265.3880952
265.15
264.9223214
264.6946429
264.4669643
264.2392857
264.0116071
263.7839286
263.55625
263.3252371
263.0913066
262.8573762
262.6234457
262.3895153
262.1555848
261.9216544
261.6877239
261.4537935
261.219863
260.9859326
260.7520021
260.5180717
260.2841412
260.0502107
259.8162803
259.5823498
259.3484194
259.1144889
258.8805585
258.646628
258.4126976
258.1787671
257.9448367
257.7109062
257.4769758
257.2430453
257.0091149
256.7751844
256.541254
256.3073235
256.073393
255.8280822
255.5815068
255.3349315
255.0883562
254.8417808
254.5952055
254.3486301
254.1214286
253.9071429
253.7021008
253.5004202
253.2987395
253.0970588
252.8953782
252.6936975
252.4920168
252.2903361
252.0886555
251.8869748
251.6852941
251.4836134
251.2819328
251.0802521
250.8785714
250.6768908
250.4752101
250.2735294
250.0718487
249.8701681
249.61375
249.35125
249.08875
248.82625
248.56375
248.30125
248.03875
247.77625
247.51375
247.25125
246.9898089
246.7318471
246.4738854
246.2159236
245.9579618
245.7
245.4420382
245.1840764
244.9261146
244.6681529
244.4101911
244.1565421
243.9042056
243.6518692
243.3962963
243.1277778
242.8592593
242.5907407
242.3222222
242.0537037
241.7851852
241.5166667
241.2481481
240.9796296
240.7111111
240.4414729
240.170155
239.8988372
239.6275194
239.3562016
239.0848837
238.8135659
238.5422481
238.2709302
237.9996124
237.7282946
237.4569767
237.1856589
236.9195652
236.624359
236.3166667
236.0089744