3.4536268166774193
3.4546053000000003
3.45440960332258
3.453990253322581
3.4497128833225807
3.4487623566774195
3.44797957
3.4451279899999996
3.4383065633225804
3.44001192
3.4400678333225794
3.44017966
3.441297926677419
3.4461903433225802
3.446274213322581
3.4446806833225803
3.4431989799999996
3.4428635000000005
3.4397603099999996
3.43959257
3.4356227233225796
3.4337496266774195
3.4382786066774207
3.4369366866774196
3.43727216667742
3.4375796900000006
3.4360700299999998
3.4357345500000007
3.4352033733225804
3.434085106677419
3.43338619
3.4347281099999996
3.432715230000001
3.43064643667742
3.4270679833225812
3.425138973322581
3.4224271766774197
3.4190444200000005
3.42298631
3.41694767
3.421504606677418
3.41803798
3.41490683332258
3.41543801
3.41353695667742
3.4106294633225804
3.400732803322581
3.399732803322581
3.3978532666774197
3.3914791466774186
3.3885157400000003
3.3829523633225818
3.382057750000001
3.38024056667742
3.38046422
3.37946422
3.37786425
3.37686425
3.3799330433225805
3.375348149999999
3.37428579667742
3.3690858566774193
3.369812729999999
3.3680235033225805
3.368051460000001
3.367051460000001
3.3660514600000013
3.3650514600000014
3.3640514600000015
3.3630514600000017
3.36766006667742
3.3687783333225814
3.3659547100000005
3.3630751733225805
3.3615934700000007
3.355834396677419
3.3460775199999993
3.3450775199999994
3.342247456677418
3.3390044833225807
3.340737796677419
3.3424151966774196
3.3359012933225793
3.338333523322581
3.3357615099999998
3.3355937700000005
3.3312604866774187
3.3273185966774195
3.3252777600000005
3.326423983322581
3.325423983322581
3.3229294
3.3219294
3.3209294000000003
3.3199294000000004
3.3189294000000005
3.3179294000000006
3.3169294000000007
3.315929400000001
3.314929400000001
3.313929400000001
3.312929400000001
3.3119294000000012
3.3109294000000014
3.3099294000000015
3.3089294000000016
3.3079294000000017
3.306929400000002
3.304478
3.303478
3.3024780000000002
3.3014780000000004
3.3004780000000005
3.2994780000000006
3.2984780000000007
3.297478000000001
3.296478000000001
3.2944136
3.2934136
3.2924136
3.2914136000000003
3.2904136000000004
3.2894136000000005
3.2885427
3.2875427
3.2868653
3.2858653
3.2872566933225804
3.2875921733225817
3.2851040299999994
3.2798761333225808
3.2762138100000002
3.2752138100000003
3.2742138100000004
3.27120956667742
3.26614941
3.2656182333225807
3.264618233322581
3.263618233322581
3.262618233322581
3.261618233322581
3.2600269
3.2590269000000003
3.2575108
3.2565108
3.2555108
3.2533173
3.2524786
3.2514786
3.2504786
