4.8
4.83
4.86
4.89
4.92
4.95
4.98
5.01
5.04
5.07
5.1
5.13
5.16
5.19
5.22
5.25
5.28
5.31
5.34
5.37
5.4
5.43
5.46
5.49
5.52
5.55
5.58
5.61
5.64
5.67
5.7
5.73
5.76
5.79
5.82
5.85
5.88
5.91
5.94
5.97
6
6.03
6.06
6.09
6.12
6.15
6.18
6.21
6.24
6.27
6.3
6.33
6.36
6.39
6.42
6.45
6.48
6.51
6.54
6.57
6.6
6.63
6.66
6.69
6.72
6.75
6.78
6.81
6.84
6.87
6.9
6.93
6.96
6.99
7.02
7.05
7.08
7.11
7.14
7.17
7.2
7.23
7.26
7.29
7.32
7.35
7.38
7.41
7.44
7.47
7.5
7.53
7.56
7.59
7.62
7.65
7.68
7.71
7.74
7.77
7.8
7.83
7.86
7.89
7.92
7.95
7.98
8.01
8.04
8.07
8.1
8.13
8.16
8.19
8.22
8.25
8.28
8.31
8.34
8.37
8.4
8.43
8.46
8.49
8.52
8.55
8.58
8.61
8.64
8.67
8.7
8.73
8.76
8.79
8.82
8.85
8.88
8.91
8.94
8.97
9
9.03
9.06
9.09
9.12
9.15
9.18
9.21
9.24
9.27