0.541359788
0.539296296
0.537232804
0.535169312
0.53310582
0.531042328
0.528978836
0.526915344
0.524851852
0.52278836
0.52073913
0.518782609
0.516826087
0.514869565
0.512913043
0.510956522
0.509
0.507043478
0.505086957
0.503130435
0.501173913
0.499238095
0.497333333
0.495428571
0.49352381
0.491619048
0.489714286
0.487809524
0.485904762
0.484
0.482125
0.48025
0.478375
0.4765
0.474625
0.47275
0.470875
0.469072708
0.467334036
0.465595364
0.463856691
0.462118019
0.460379347
0.458640674
0.456902002
0.45516333
0.453424658
0.451685985
0.449947313
0.448208641
0.446469968
0.444731296
0.442992624
0.441253952
0.439515279
0.437776607
0.436037935
0.434299262
0.43256059
0.430821918
0.429083246
0.427344573
0.425605901
0.423867229
0.422128556
0.420389884
0.418651212
0.41691254
0.415173867
0.413520548
0.411876712
0.410232877
0.408589041
0.406945205
0.40530137
0.403657534
0.402035714
0.400428571
0.398853782
0.397290756
0.395727731
0.394164706
0.392601681
0.391038655
0.38947563
0.387912605
0.38634958
0.384786555
0.383223529
0.381660504
0.380097479
0.378534454
0.376971429
0.375408403
0.373845378
0.372282353
0.370719328
0.369156303
0.36765
0.36615
0.36465
0.36315
0.36165
0.36015
0.35865
0.35715
0.35565
0.35415
0.352665605
0.351232484
0.349799363
0.348366242
0.346933121
0.3455
0.344066879
0.342633758
0.341200637
0.339767516
0.338334395
0.336925234
0.335523364
0.334121495
0.332722222
0.331333333
0.329944444
0.328555556
0.327166667
0.325777778
0.324388889
0.323
0.321611111
0.320222222
0.318833333
0.317472868
0.316155039
0.314837209
0.31351938
0.31220155
0.310883721
0.309565891
0.308248062
0.306930233
0.305612403
0.304294574
0.302976744
0.301658915
0.300347826
0.299059829
0.297777778
0.296495726