-12580500000.000000
-12496629999.999998
-12412760000.000000
-12328890000.000000
-12245020000.000000
-12161150000.000000
-12077280000.000002
-11993410000.000000
-11909539999.999998
-11825670000.000000
-11741800000.000000
-11657930000.000000
-11574060000.000000
-11490190000.000000
-11406320000.000000
-11322450000.000000
-11238580000.000000
-11154710000.000000
-11070840000.000000
-10986970000.000000
-10903100000.000000
-10819230000.000000
-10735360000.000000
-10651490000.000000
-10567620000.000000
-10483750000.000000
-10399880000.000000
-10316010000.000000
-10232140000.000000
-10148270000.000000
-10064400000.000000
-9980530000.000000
-9896660000.000000
-9812790000.000000
-9728920000.000000
-9645050000.000000
-9561180000.000002
-9477310000.000000
-9393440000.000000
-9309570000.000000
-9225700000.000000
-9141830000.000000
-9057960000.000000
-8974090000.000002
-8890220000.000000
-8806350000.000000
-8722480000.000000
-8638610000.000000
-8554740000.000000
-8470870000.000000
-8387000000.000001
-8303129999.999999
-8219260000.000001
-8135390000.000000
-8051520000.000000
-7967650000.000000
-7883780000.000000
-7799910000.000001
-7716039999.999999
-7632170000.000001
-7548300000.000000
-7464430000.000000
-7380560000.000000
-7296690000.000000
-7212820000.000001
-7128949999.999999
-7045080000.000001
-6961210000.000000
-6877340000.000000
-6793470000.000000
-6709600000.000000
-6625730000.000001
-6541860000.000001
-6457990000.000000
-6374120000.000000
-6290250000.000000
-6206380000.000000
-6122510000.000000
-6038640000.000001
-5954770000.000001
-5870900000.000000
-5787030000.000000
-5703160000.000000
-5619290000.000000
-5535420000.000000
-5451550000.000001
-5367680000.000001
-5283810000.000000
-5199940000.000000
-5116070000.000000
-5032200000.000001
-4948330000.000000
-4864460000.000001
-4780590000.000002
-4696720000.000000
-4612849999.999999
-4528980000.000000
-4445110000.000001
-4361240000.000000
-4277370000.000000
-4193500000.000002
-4109630000.000000
-4025759999.999999
-3941890000.000000
-3858020000.000001
-3774150000.000000
-3690280000.000000
-3606410000.000002
-3522540000.000000
-3438669999.999999
-3354800000.000000
-3270930000.000001
-3187060000.000000
-3103190000.000000
-3019320000.000002
-2935450000.000000
-2851579999.999999
-2767710000.000000
-2683840000.000001
-2599970000.000000
-2516100000.000000
-2432230000.000002
-2348360000.000000
-2264489999.999999
-2180620000.000000
-2096750000.000001
-2012879999.999999
-1929010000.000000
-1845140000.000002
-1761270000.000000
-1677399999.999999
-1593530000.000000
-1509660000.000001
-1425789999.999999
-1341920000.000000
-1258050000.000002
-1174180000.000000
-1090309999.999999
-1006440000.000000
-922570000.000001
-838699999.999999
-754830000.000000
-670960000.000002
-587090000.000000
-503220000.000001
-419350000.000000
-335480000.000001
-251609999.999999
-167740000.000000
-83870000.000002
0.000000
83869999.999999
167740000.000000
251609999.999999
335480000.000001
419350000.000000
503219999.999999
587090000.000000
670959999.999999
754830000.000000
838699999.999999
922570000.000001
1006440000.000000
1090309999.999999
1174180000.000000
1258049999.999999
1341920000.000000
1425789999.999999
1509660000.000001
1593530000.000000
1677399999.999999
1761270000.000000
1845139999.999999
1929010000.000000
2012879999.999999
2096750000.000001
2180620000.000000
2264489999.999999
2348360000.000000
2432229999.999999
2516100000.000000
2599970000.000000
2683839999.999998
2767710000.000000
2851579999.999999
2935450000.000000
3019319999.999999
3103190000.000000
3187060000.000000
3270929999.999999
3354800000.000000
3438669999.999999
3522540000.000000
3606409999.999999
3690280000.000000
3774150000.000000
3858019999.999999
3941890000.000000
4025759999.999999
4109630000.000000
4193499999.999999
4277370000.000000
4361240000.000000
4445109999.999998
4528980000.000000
4612849999.999999
4696720000.000000
4780589999.999999
4864460000.000001
4948330000.000000
5032199999.999998
5116070000.000000
5199939999.999999
5283810000.000000
5367679999.999999
5451550000.000001
5535420000.000000
5619289999.999998
5703160000.000000
5787029999.999999
5870900000.000000
5954769999.999999
6038640000.000001
6122510000.000000
6206379999.999999
6290250000.000000
6374119999.999999
6457990000.000000
6541859999.999999
6625730000.000001
6709600000.000000
6793470000.000001
6877340000.000003
6961209999.999999
7045080000.000001
7128949999.999997
7212819999.999998
7296690000.000000
7380560000.000001
7464430000.000003
7548299999.999999
7632170000.000001
7716039999.999997
7799909999.999998
7883780000.000000
7967650000.000001
8051520000.000003
8135389999.999999
8219260000.000001
8303129999.999997
8386999999.999998
8470870000.000000
8554740000.000001
8638610000.000004
8722480000.000000
8806350000.000000
8890219999.999996
8974089999.999998
9057960000.000000
9141830000.000002
9225700000.000004
9309570000.000000
9393440000.000000
9477309999.999996
9561179999.999998
9645050000.000000
9728920000.000002
9812790000.000004
9896660000.000000
9980530000.000000
10064399999.999996
10148269999.999998
10232140000.000000
10316010000.000002
10399880000.000004
10483750000.000000
10567620000.000000
10651489999.999996
10735359999.999998
10819230000.000000
10903100000.000002
10986970000.000004
11070840000.000000
11154710000.000000
11238579999.999996
11322449999.999998
11406320000.000000
11490190000.000002
11574059999.999998
11657930000.000000
11741800000.000000
11825669999.999996
11909539999.999998
11993410000.000000
12077280000.000002
12161149999.999998
12245020000.000000
12328890000.000000
12412759999.999998
12496629999.999998
12580500000.000000
